0.000000
0.000000
0.000000
0.000000
0.000000
0.000000
0.000000
468.833333
801.333333
86.000000
0.000000
0.000000
89.000000
40.000000
109.833333
298.166667
0.000000
86.000000
0.000000
86.000000
256.333333
326.000000
0.000000
161.166667
130.000000
17.666667
267.333333
527.000000
0.000000
0.000000
0.000000
0.000000
0.000000
0.000000
45.000000
246.000000
180.333333
0.000000
0.000000
57.666667
24.833333
0.000000
86.000000
0.000000
0.000000
730.000000
250.000000
168.000000
0.000000
0.000000
320.000000
86.000000
0.000000
18.000000
871.500000
0.000000
168.000000
